919308089599
917004163820
918404913550
918017190484
919308089599
919886015097
918579041419
919304262860
918789166349
918863007786
919573106551
919804465522
919835757588
917277210599
918507715491
919507519606
919162722428
919669293642
919433474682
917547003294
918873282795
919496954635
919690152532
919263026002
919570777811
919709080680
919871249395
919589053090
919390780383
919955510493
919905737373
919711645084
919386580820
919198352246
919411158874
918802112967
918327776935
919708993031
919692154185
919570000819
918936050705
919631776940
919693857730
917209866172
919865898745
917549076285
917992344129
918969999959
919334885377
918797770777
918797583515
919546986721
919973142266
919909304959
918344569828
919709555003
919123087306
919165084781
919798727892
919444849721
919608777796
919835316330
918298147755
919708846652
919835111495
914014583188
918969000000
918817146608
919835345492
917050246949
917738896466
917033333433
919007153142
919608982860
918697312456
919884670577
918409154227
917762885724
919934712879
919931629647
916305025897
919560829797
919867279280
919931945369
919202613904
917415643098
917503527988
919013854729
919988731973
919818956867
919673049700
919608914480
917869194191
919555803361
919771132235
919971148601
919041657697
919956988591
918882746565
918821995774
918853916862
919572756115
918409883306

